0,4,18,1,24,9,28,10,26
1,16,4,23,42,18,24,0,9,57,28
2,12,46,17,51
3,33,35,7,13,40,19,44,6,43,38,22,41,49
4,49,16,23,42,18,1,24,0
5,57,8,34,39,20,37,56
6,58,43,38,21,22,41,49,53,36,3
7,33,35,13,40,3,19,44,47,54
8,46,51,5,34,25,27,52
9,18,1,24,0,57,28,26
10,0,15,32,50,28,11,26,30
11,25,15,32,50,27,52,10,30
12,31,58,21,2,55
13,35,7,40,3,19,44,47,54
14,45,48,40,59,44,47,54
15,25,32,50,27,52,11,10
16,43,22,41,49,53,4,23,42,18,1
17,21,2,46,51
18,16,4,23,42,1,24,0,9,28
19,33,35,7,13,40,3,44,47,54
20,5,37,56,39
21,58,6,43,38,12,22,41,49,53,17,36
22,6,43,38,21,41,49,53,16,36,3
23,16,4,42,18,1,24
24,4,23,42,18,1,0,9,57
25,51,8,34,15,32,50,27,52,11
26,0,9,28,10,30,35
27,8,34,25,15,32,52,11
28,18,1,0,9,10,26
29,37,56,48,54,59,45
30,11,10,26,33,35
31,58,12,48,59,55
32,51,25,15,50,27,52,11,10
33,30,35,7,36,3,19,38
34,46,51,5,8,25,27,52
35,26,30,33,7,13,3,19
36,33,55,58,6,43,38,21,22
37,5,20,56,29,39
38,6,43,21,22,41,49,53,33,36,3
39,5,20,37,56
40,7,13,3,19,44,47,54,14
41,6,43,38,21,22,49,53,16,3
42,16,4,23,18,1,24,57
43,6,38,21,22,41,49,53,16,36,3
44,7,13,40,3,19,47,54,14
45,14,29,48,59,47,54
46,2,17,51,8,34
47,7,13,40,19,44,54,59,14,45
48,56,29,54,59,14,45,31
49,6,43,38,21,22,41,53,16,4,3
50,51,25,15,32,11,10
51,2,46,17,8,34,25,32,50
52,8,34,25,15,32,27,11
53,6,43,38,21,22,41,49,16
54,29,48,7,13,40,19,44,47,59,14,45
55,36,31,58,12
56,5,20,37,39,29,48
57,42,1,24,5,9
58,31,6,12,21,55,36
59,29,48,14,45,31,47,54
